PIERRON - PB1000
11
1000011
11
11
1000011
11
11
1000011
11
10
1000010
10
10
1000010
10
1000
1001000
1000
0
1000000
0
1100
1001100
1100
0
1000000
0
1
1000001
1
0
1000000
0
110
1000110
110
0
1000000
0
10

1000010
10
10000000
10000000
11000000
10000000
10000001
11000001
10000001
10001000
11001000
10001000
10000000
11000000
10000000
10010101
11010101
10010101
10010000
11010000
10010000
10010100
11010100
10010100
10011001
11011001
10011001
10010100
11010100
10010100
10010101
11010101
10010101
10010101
11010101
10010101
10010010
11010010
10010010
10010101
11010101
10010101
10010010
11010010
10010010
10010100
11010100
10010100
10011111
11011111
10011111
10010100
11010100
10010100
10011110
11011110
10011110
10010010
11010010
10010010
10010000
11010000
10010000
10010010
11010010
10010010
10011101
11011101
10011101
10010010
11010010
10010010
10010000
11010000
10010000
10010101
11010101
10010101
10010000
11010000
10010000
10010100
11010100
10010100
10010010
11010010
10010010
10010011
11010011
10010011
10010001
11010001
10010001
10010011
11010011
10010011
10010000
11010000
10010000
10010011
11010011
10010011
10010000
11010000
10010000
10001100
11001100
10001100
10000000
11000000
10000000
0
0
Mesure : 238.8500mm
10001100
11001100
10001100
10000000
11000000
10000000
10010100
11010100
10010100
10010100
11010100
10010100
10010110
11010110

10010110
10011001
11011001
10011001
10010110
11010110
10010110
10011001
11011001
10011001
10010111
11010111
10010111
10010011
11010011
10010011

10010111
11010111
10010111
10010100
11010100
10010100
10010110
11010110
10010110
10010001
11010001
10010001
10010110
11010110
10010110
10011110

11011110
10011110
10010110
11010110
10010110
10010011
11010011
10010011
10010110
11010110
10010110
10010101
11010101
10010101
10010011
11010011

10010011
10011010
11011010
10011010
10010010
11010010
10010010
10010000
11010000
10010000
10010011
11010011
10010011
10010010
11010010
10010010

10010011
11010011
10010011
10010011
11010011
10010011
10010011
11010011
10010011
10011001
11011001
10011001
10010110
11010110
10010110
10011101

11011101
10011101
10010110
11010110
10010110
10011101
11011101
10011101
10010010
11010010
10010010
10010000
11010000
10010000
